434086
434926
434922
483734
434087
434923
1261557
434921
1693835
434085
434924
434079
483708
489834
433904
434925
434915
434036
1260190
1950068
1950069
434597
483727
434038
434037
434572
434911
465047
434856
483738
434100
483704
465048
465037
434857
1267412
434859
434073
434909
434914
434039
1260185
434907
434904
434862
434072
434863
434864
434066
434860
434861
434044
434046
1950395
1950396
1950397
1950398
465050
434868
434882
465038
465008
434851
434866
434867
1260991
478185
1407867
55114
5247814
5247820
5247819
5247813
5372760
5372761
5387013
5404011
5404032
5404033
5404034
5404035
5404036
5404037
5404018
5404023
5437641
5437652
5437664
5437668
5437656
5437660
5452683
434918